11100100000010010000011000100000000000000000000010000110000100000000010000000000000001110000001111100000010000000001100001000000011100110010000000001000001001000011000000001000100111001110000011000000000000000111000110000001100011100001001001111001111001100000000000000000000011100000000001000001100011001111000111100000001100110000000111000000100000000111110000001000011000100010000001000000000100100000000011110000000000000010010000000000000000000011111111100000000000000000000010000000000110010000000000001100
01000000010010000000000000011110000000000000110010001111100000000000010000000001000000011000010000100000000000100001100000110000001100000000000000000000001001100011000000000000110000001110000011110000000000000100100010001001100011100001001100000000001110011000000000000000000011111100000001000001100011001000000011100000000000100000000111000000100000000001110000001100001111110000000111000000000100000011000011110000000010000010010000000000000000000000111111000000000001100000000000000010000110010010000000111100
01000000000000000000000000011110000000000001111000001111111000000001000000000001000100111000011100100000000000110001100000110000001100110000000000001100000000100010000000000000111100001000000000110000000000000111100000011001100011100010000000000000001110011000000000000000100001001100000000000001000011001000000100100000001110011000000111000011100000001001110000001100001001001100000110000000100100100001000111110000100010000010000000000000000000000000111111000000000001111000000000000010000110010010000000111100
01000000000010000000000000011110000000000000111110001001111000000000010000000001000001110000010000100000000000100001100000110000001100000000000000001100001100100011000000000000111100001110000011110000000000000100100010001001100011100001001100000000001110011000000000000000100001000100000001000001100011001000000000100000000000100000000111000011100000000111110000001100001111110010000110000000100100100001000011110000100010000010000000000000000000000000111111000000000001111000000000000010000110010010000000111100
11000000010010010000000000011110000000000001110010001001100000000001000000000001000100110000010011100000000000100001100000110000001100010000000000000000000001100011000000000000100100001100000000110000000000000111100010001110000011100001001100000000001001111000000000000000000011100100000001000001000011001001000111100000001110000000000111000000100000000111110000001100001111111000000001000000000100000011000110010000000000000010010000000000000000000000111111000000000001100000000000000000000111000110000000111100
11000100010010000000000000111110000000000001110010000000000000000001000000000000000100110000010011100000010000100001100000010000011100010000000000000000000001000011000000001000000000001100000000110000000000000111000000001110000011100001001100001000001000011000000000000000000010000100000001000001000011001111000111100000001110000000000111000000100000000111110000001100000111100000000111000000000100000000000110010000000010000010010000000000000000000000110011000000000001000000000000000000000111000110000000111100
01000000000010000000000000011110000000000000111000001001100000000001000000000001000100110000011100100000000000110001100000110000001100110000000000000100001100100010000000000000111100001000000011110000000000000111100010011001100011100000000000000000001110011000000000000000100011000100000001000001000011001000000100100000001100111000000111000000100000000011110000001100001001001000000110000000000100100001000011110000000010000010000000000000000000000000111111000000000001100000000000000010000110010010000000111100
01000100010010010000000000111110000000000000110010000000000100000000010000000000000000010000010011100000010000000001100000010000011000010010000000001000001001000011000000001000000111001110000011110000000000000111000110001001100011100001001100111001001111111000000000000000000010000100000001000001100111001111000111100000001100100000001100000000100000000111110000000000011111100011000001000000000100000000000011110000000000000011000000000000000000000000111110000000000001000000000001000010000110000100000000111100
11000001000010011000000000111100000000000001100100000000110000000001100000000000000100100000010011100000001000000001100000001000010000010010000000001000000000100011000000000011100111100100000010010000000000001111100010001110000010000000001110010000111001111000000000000000100111001000000001000001100000011001000111100000000110011000000111000011000000000100110000001100001111111100000001000000001000100001000110010000100000001100010000000000000000000100111100000000000001110000000100000000000011000000000011111100
01000001100010000000000000111110000000000000111000001111111000000000010000000001000001110000010000100000000000100001100000000000000000010000000000001100001100100010000000000011111100001000000011110000000000000100100010001001100011100011000000110000100110011000000000000000100001000000000001000001100011001001000011100000000000100000000111000011100000000011110000000000001111000010000110000000100100100001000011110000100010000010010000000000000000000000111100000000000001110000000001000000000100000110000000001100
11000000000010010000011000111110000000000001000010000110011100000001000000000000000000000000001111100000000000000000000010010000011000010010000000000000001001000011000000001000100111111100000011000000000000000001000110001110000011100000000100111001001001111000000000000000001000010000000000000001000110011111000110000000001000000100001111000001110000000000010000001100010011100100000001000000100100010000000110011000000000000011110000000000000000000000110010000000000001001000000100000010000111000100000010011100
11000000000010010000000000000110000000000001001110001111111100000001000000000001000100001000010011100000000000000001100000110000001000000010000000000000000010000000000000000000100111001100000000110000000000000001100110001110000011100000001100110011001001111000000000000000100001001100000000000001000111001110000100100000001110000000001100000001100000000001110000001000000011111100000001000000100100100001000110010000100000000011100000000000000000000000111110000000000001111000000010000000000111000000000000111100
01000100010010010000000000111110000000000000111110000000001100000000010000000000000000010000010011100000010000000000001000010000011000011110000000000000001111000011000000000000000111001110000011100000000000000111000110001001110000100001001100111001001111111000000000000000100001000100000001000000100001000111000111100000001100111000001100000001100000000111110000000000010011100011000001000000100100100100000011110000000001100011000000000000000000000000111110000000000001111000000001000110000110000100000000111100
01000100010010010000000000111110000000000000111110000000011100000000110000000000000000010000010011110000010000000001001000010000011000010010000000000000001111000011000000000000000111001110000011100000000000000111000110001001100011100001001100111000011111001000000000000000100001000100000001000001100111001111000111100000001100100000001100000001100000000111110000000000010011100011000001000000100100100100100011110000000001100011000000000000000000000000111110000000000001111000000001000110000110000100000000111100
01000000000010000000000000011110000000000000111000001001111000000000010000000001000001110000011100100000000000110001100000110000001100110000000000001100001100100010000000000000111100001000000011110000000000000100100010011001100011100011000000000000001110011000000000000000100001000100000001000001100011001000000000100000000000111000000111000011100000000011110000001100001001000010000110000000100100100001000011110000100010000010000000000000000000000000111111000000000001111000000000000010000110010010000000111100
01000000010010000000000000111110000000000001110010000110000000000000010000000000000000011000010011100000010000100001100000010000011100000000000000000000000001000011000000001000000000001100000000110000000000000111000000001100100011100001001100001000001110011000000000000000000010011100000001000001100011001110000111100000001110000000000111000000100000000001110000001100000111100000000111000000000100000000000110010000000010000010010000000000000000000000110011000000000001000000000000000010000111000010000000111100
01000000000010010000000000011110000000000000111000001001111000000000010000000001000011100100011111100000001000110000000000110000001100110000000000001100000100100010000000000000100111111000000011110000000000000100100010000001100011100011001100000000001100111000000000000000100001000100000001000001100011001000000000000000000000111000000111000011100000000010010000001100001001000010000001000000100100111001000011111000100000000010000000000000000000000000111111000000000001111000000000000010000110010010000000011100
01000000010010010000000000111110000000000001110010000110000000000000010000000000000010000000010011100000000000100000000010010000011100000000000000000000001001000011000000001000000111111100000000110000000000000111000010001100100011100001000100001000001111111000000000000000000010010000000001000001100011001110000110000000001110000000000111000000100000000000010000001100000111100000000001000000000100010000000110000000000000000010010000000000000000000000110011000000000001000000000000000010000111000010000000011100
11000000010010000000000000011100000000000000110000000011111000000001100000000001000100111000011100100000000000110001100000110000011100010010000000000000001001100011000000000000110011100110000010010000000000001111100010010001100011100001001111000000001000000000000000000000000011111100000000000001000000001001000111000000000100111000000111000000100000000001110000001100001001111100000111000000111000100011000011110000000010001100010000000000000000000100111111000000000001100000000000000000000010000110000000100100
11000000000010000000000000111100000000000001100100010010010000000001100000000000000100100000010011100000000000000001100011001000010000010010000000001000000000000010000000000011001111111100000010010000000000001111000010000010000010000010000010010000111110010000000000000000100111001000000001000001100000011111000001100000000110011000000111000011000000001100110000001100011111001100000111000000001000100100000110010000100010001100010000000000000000000100111100000000000001110000000100000000000011000000000011111100
01000000000010000000000000011110000000000000111000001001111100000000010000000001000001110000010000100000000000000001100000110000001000010010000000000000001110000010000000000000111111001000000011110000000000000100100110001001100011100011000000110011001110011000000000000000100001000100000001000001100111001111000011100000001100100000001100000001100000000011110000000000000011000011000010000000100100100001000011110000100010000011110000000000000000000000111110000000000001111000000001000010000110000100000000111100
01000100000010010000011000011110000000000000111000000000011100000000000000000000000011110000010011100000010000000000000000010000011000010000000000000000000111000010000000000000001110011100001111110000000000000111000110001100100011100011001111110011001110010000000000000000000111000100000001000001100100000011000111000000001100100000001100100001100000000011110000000100010011000011000010000000100000111100000010000000100010000011110000000000000000000000111110000000000001111000000001000010000111000100000000100100
01000100010010010000000000111110000000000000111110000000011100000000110000000000000000010000010011110000010000000001100000010000011000010010000000000000001111000011000000001000000111001110001111110000000000000111000110001001100011110001001100111000011111001000000000000000100001000100000001000001100111001111000111100000001100100000000011000001100000000111111000000000010011100011000001000000100100100100000011110000000000000011000000000000000000000000111110000000000001111000000001000010000110000100000011111100
01000000010010011000000000111100000000000001111100010010000000000000000000000000000100011000010011110000010000000000001000010000011000011110000000000000000011000000000000000001000111111110001110000100000000001001000110001001110011110000001100100000011111001000000000000000100001001100000000000000000001000111000111100000000000011000000011000001100000000111001000000000010011100100000001000000000000100100000111110000000001100100000000000000000000000100111110000000000001110000000001000110000010000100000011111000
01000000010010000000000000111100000000000001111100010010000000000001100000000000000100000000010011100000000000100000000010000000011000011100000000000000000011000010000000000111001111111100000010000100000000001001000100000000110000100010000011100011001110010000000000000000100111001100000001000000100111000111000001100000000110001000001111000001100000001110010000000000010011111100000011000000001000100100000110010000100000001100000000000000000000000100111110000000000001110000000001000110000000000100000000000000
01000001000010011000000000111100000000000000011100000000000000000001000000000001000100011000010011100000000000100000100000000000010000011000000000001000000000100000000000000011100100100100001110010000000000001111100010001100110011110000001100110000111111111000000000000000100001001000000000000000000011000001000111100000000110011000000111000011100000000111001000000000001111111100000001000000000000100001100110010000100000001100010000000000000000000100111100000000000001110000000001000000000000000110000011001100